0.000000 2.800000
0.010000 2.802109
0.020000 2.804431
0.030000 2.806960
0.040000 2.809690
0.050000 2.812612
0.060000 2.815722
0.070000 2.819013
0.080000 2.822477
0.090000 2.826108
0.100000 2.829900
0.110000 2.833846
0.120000 2.837939
0.130000 2.842173
0.140000 2.846542
0.150000 2.851037
0.160000 2.855654
0.170000 2.860386
0.180000 2.865225
0.190000 2.870165
0.200000 2.875200
0.210000 2.880323
0.220000 2.885527
0.230000 2.890806
0.240000 2.896154
0.250000 2.901562
0.260000 2.907026
0.270000 2.912539
0.280000 2.918093
0.290000 2.923682
0.300000 2.929300
0.310000 2.934940
0.320000 2.940595
0.330000 2.946259
0.340000 2.951926
0.350000 2.957587
0.360000 2.963238
0.370000 2.968872
0.380000 2.974481
0.390000 2.980059
0.400000 2.985600
0.410000 2.991097
0.420000 2.996543
0.430000 3.001932
0.440000 3.007258
0.450000 3.012512
0.460000 3.017690
0.470000 3.022785
0.480000 3.027789
0.490000 3.032696
0.500000 3.037500
0.510000 3.042194
0.520000 3.046771
0.530000 3.051225
0.540000 3.055550
0.550000 3.059737
0.560000 3.063782
0.570000 3.067678
0.580000 3.071417
0.590000 3.074993
0.600000 3.078400
0.610000 3.081631
0.620000 3.084679
0.630000 3.087538
0.640000 3.090202
0.650000 3.092662
0.660000 3.094914
0.670000 3.096951
0.680000 3.098765
0.690000 3.100350
0.700000 3.101700
0.710000 3.102808
0.720000 3.103667
0.730000 3.104271
0.740000 3.104614
0.750000 3.104687
0.760000 3.104486
0.770000 3.104004
0.780000 3.103233
0.790000 3.102167
0.800000 3.100800
0.810000 3.099125
0.820000 3.097135
0.830000 3.094824
0.840000 3.092186
0.850000 3.089212
0.860000 3.085898
0.870000 3.082237
0.880000 3.078221
0.890000 3.073844
0.900000 3.069100
0.910000 3.063982
0.920000 3.058483
0.930000 3.052597
0.940000 3.046318
0.950000 3.039637
0.960000 3.032550
0.970000 3.025050
0.980000 3.017129
0.990000 3.008781
1.000000 3.000000
1.010000 2.990583
1.020000 2.980345
1.030000 2.969304
1.040000 2.957478
1.050000 2.944888
1.060000 2.931550
1.070000 2.917483
1.080000 2.902707
1.090000 2.887240
1.100000 2.871100
1.110000 2.854306
1.120000 2.836877
1.130000 2.818831
1.140000 2.800186
1.150000 2.780963
1.160000 2.761178
1.170000 2.740850
1.180000 2.719999
1.190000 2.698643
1.200000 2.676800
1.210000 2.654489
1.220000 2.631729
1.230000 2.608538
1.240000 2.584934
1.250000 2.560937
1.260000 2.536566
1.270000 2.511837
1.280000 2.486771
1.290000 2.461386
1.300000 2.435700
1.310000 2.409732
1.320000 2.383501
1.330000 2.357025
1.340000 2.330322
1.350000 2.303412
1.360000 2.276314
1.370000 2.249044
1.380000 2.221623
1.390000 2.194069
1.400000 2.166400
1.410000 2.138635
1.420000 2.110793
1.430000 2.082892
1.440000 2.054950
1.450000 2.026987
1.460000 1.999022
1.470000 1.971071
1.480000 1.943155
1.490000 1.915292
1.500000 1.887500
1.510000 1.859798
1.520000 1.832205
1.530000 1.804739
1.540000 1.777418
1.550000 1.750262
1.560000 1.723290
1.570000 1.696518
1.580000 1.669967
1.590000 1.643655
1.600000 1.617600
1.610000 1.591821
1.620000 1.566337
1.630000 1.541166
1.640000 1.516326
1.650000 1.491838
1.660000 1.467718
1.670000 1.443985
1.680000 1.420659
1.690000 1.397758
1.700000 1.375300
1.710000 1.353304
1.720000 1.331789
1.730000 1.310773
1.740000 1.290274
1.750000 1.270313
1.760000 1.250906
1.770000 1.232072
1.780000 1.213831
1.790000 1.196201
1.800000 1.179200
1.810000 1.162847
1.820000 1.147161
1.830000 1.132160
1.840000 1.117862
1.850000 1.104287
1.860000 1.091454
1.870000 1.079379
1.880000 1.068083
1.890000 1.057584
1.900000 1.047900
1.910000 1.039050
1.920000 1.031053
1.930000 1.023927
1.940000 1.017690
1.950000 1.012362
1.960000 1.007962
1.970000 1.004506
1.980000 1.002015
1.990000 1.000507
2.000000 1.000000
2.010000 1.000448
2.020000 1.001780
2.030000 1.003982
2.040000 1.007040
2.050000 1.010938
2.060000 1.015660
2.070000 1.021193
2.080000 1.027520
2.090000 1.034627
2.100000 1.042500
2.110000 1.051123
2.120000 1.060480
2.130000 1.070558
2.140000 1.081340
2.150000 1.092813
2.160000 1.104960
2.170000 1.117768
2.180000 1.131220
2.190000 1.145302
2.200000 1.160000
2.210000 1.175297
2.220000 1.191180
2.230000 1.207633
2.240000 1.224640
2.250000 1.242188
2.260000 1.260260
2.270000 1.278842
2.280000 1.297920
2.290000 1.317478
2.300000 1.337500
2.310000 1.357973
2.320000 1.378880
2.330000 1.400208
2.340000 1.421940
2.350000 1.444063
2.360000 1.466560
2.370000 1.489418
2.380000 1.512620
2.390000 1.536153
2.400000 1.560000
2.410000 1.584148
2.420000 1.608580
2.430000 1.633282
2.440000 1.658240
2.450000 1.683438
2.460000 1.708860
2.470000 1.734493
2.480000 1.760320
2.490000 1.786327
2.500000 1.812500
2.510000 1.838823
2.520000 1.865280
2.530000 1.891858
2.540000 1.918540
2.550000 1.945312
2.560000 1.972160
2.570000 1.999068
2.580000 2.026020
2.590000 2.053003
2.600000 2.080000
2.610000 2.106997
2.620000 2.133980
2.630000 2.160933
2.640000 2.187840
2.650000 2.214688
2.660000 2.241460
2.670000 2.268142
2.680000 2.294720
2.690000 2.321178
2.700000 2.347500
2.710000 2.373672
2.720000 2.399680
2.730000 2.425508
2.740000 2.451140
2.750000 2.476562
2.760000 2.501760
2.770000 2.526718
2.780000 2.551420
2.790000 2.575853
2.800000 2.600000
2.810000 2.623848
2.820000 2.647380
2.830000 2.670583
2.840000 2.693440
2.850000 2.715937
2.860000 2.738060
2.870000 2.759792
2.880000 2.781120
2.890000 2.802027
2.900000 2.822500
2.910000 2.842523
2.920000 2.862080
2.930000 2.881158
2.940000 2.899740
2.950000 2.917813
2.960000 2.935360
2.970000 2.952367
2.980000 2.968820
2.990000 2.984703
3.000000 3.000000
3.010000 3.014900
3.020000 3.029604
3.030000 3.044114
3.040000 3.058432
3.050000 3.072562
3.060000 3.086508
3.070000 3.100272
3.080000 3.113856
3.090000 3.127264
3.100000 3.140500
3.110000 3.153566
3.120000 3.166464
3.130000 3.179199
3.140000 3.191772
3.150000 3.204187
3.160000 3.216448
3.170000 3.228556
3.180000 3.240516
3.190000 3.252329
3.200000 3.264000
3.210000 3.275530
3.220000 3.286924
3.230000 3.298184
3.240000 3.309312
3.250000 3.320312
3.260000 3.331188
3.270000 3.341942
3.280000 3.352576
3.290000 3.363095
3.300000 3.373500
3.310000 3.383795
3.320000 3.393984
3.330000 3.404068
3.340000 3.414052
3.350000 3.423938
3.360000 3.433728
3.370000 3.443426
3.380000 3.453036
3.390000 3.462560
3.400000 3.472000
3.410000 3.481360
3.420000 3.490644
3.430000 3.499854
3.440000 3.508992
3.450000 3.518062
3.460000 3.527068
3.470000 3.536011
3.480000 3.544896
3.490000 3.553724
3.500000 3.562500
3.510000 3.571226
3.520000 3.579904
3.530000 3.588538
3.540000 3.597132
3.550000 3.605687
3.560000 3.614208
3.570000 3.622696
3.580000 3.631156
3.590000 3.639589
3.600000 3.648000
3.610000 3.656390
3.620000 3.664764
3.630000 3.673123
3.640000 3.681472
3.650000 3.689813
3.660000 3.698148
3.670000 3.706482
3.680000 3.714816
3.690000 3.723155
3.700000 3.731500
3.710000 3.739856
3.720000 3.748224
3.730000 3.756608
3.740000 3.765012
3.750000 3.773438
3.760000 3.781888
3.770000 3.790367
3.780000 3.798876
3.790000 3.807419
3.800000 3.816000
3.810000 3.824621
3.820000 3.833284
3.830000 3.841994
3.840000 3.850752
3.850000 3.859562
3.860000 3.868428
3.870000 3.877352
3.880000 3.886336
3.890000 3.895385
3.900000 3.904500
3.910000 3.913685
3.920000 3.922944
3.930000 3.932279
3.940000 3.941692
3.950000 3.951187
3.960000 3.960768
3.970000 3.970437
3.980000 3.980196
3.990000 3.990050
4.000000 4.000000
