0.151881
0.140176
0.129170
0.119200
0.110376
0.102821
0.097316
0.097681
0.098441
0.113252
0.116137
0.103466
0.099544
0.132200
0.171799
0.171816
0.173457
0.168223
0.232558
0.288625
0.313231
0.298196
0.305063
0.327989
0.348279
0.356532
0.370306
0.398858
0.418038
0.434074
0.464841
0.481647
0.488591
0.488251
0.479764
0.505456
0.506714
0.501977
0.479114
0.451125
0.457159
0.445614
0.429744
0.399814
0.368535
0.338290
0.313957
0.296207
0.281750
0.272984
0.252664
0.220933
0.210252
0.189313
0.176827
0.176481
0.181716
0.173497
0.163753
0.169103
0.179649
